1.306682359427213669e-02
4.392060637474060059e-02

4.705869778990745544e-02
1.051289439201354980e-01

3.597965091466903687e-02
5.291240654514695052e-07

6.434273719787597656e-02
7.349134981632232666e-02

7.185276597738265991e-02
6.458949297666549683e-02

8.182673901319503784e-02
5.804257839918136597e-02

1.359700560569763184e-01
7.691267132759094238e-02

7.138194143772125244e-02
8.911758661270141602e-02

1.397683471441268921e-01
4.861034825444221497e-02

1.072285547852516174e-01
5.242724344134330750e-02

5.579386651515960693e-02
4.649701341986656189e-02

6.010762229561805725e-02
5.500315129756927490e-02

5.887774378061294556e-02
6.991755962371826172e-02

5.955862626433372498e-02
5.856332555413246155e-02

6.300179660320281982e-02
7.623875886201858521e-02

6.184341758489608765e-02
6.529494374990463257e-02

8.945624530315399170e-02
9.388789534568786621e-02

1.027915701270103455e-01
3.029669223830744329e-11

1.403978317975997925e-01
5.832498893141746521e-02

5.841485410928726196e-02
6.034157052636146545e-02

6.387365609407424927e-02
2.481668863463237784e-11

5.405386537313461304e-02
3.739783482892278244e-11

7.126256078481674194e-02
8.998850276054071173e-12

5.501732975244522095e-02
6.699886173009872437e-02

9.625393152236938477e-02
6.748266518115997314e-02

3.488991782069206238e-02
9.280031174421310425e-02

4.997097328305244446e-02
9.447311609983444214e-02

1.011223718523979187e-02
6.214392930269241333e-02

1.427544504404067993e-01
3.190681338310241699e-02

9.311968833208084106e-02
1.471637395278335703e-11

6.199624016880989075e-02
5.593312531709671021e-02

2.760189771652221680e-02
1.009184643626213074e-01

4.995601251721382141e-03
8.054112064781460134e-12

2.513398043811321259e-02
1.355451196432113647e-01

4.281641170382499695e-02
9.245878458023071289e-02

3.895795717835426331e-02
4.438288509845733643e-02

3.840755671262741089e-02
8.097688853740692139e-02

9.112480282783508301e-02
8.785664290189743042e-02

9.197972714900970459e-02
9.341853111982345581e-02

6.148044019937515259e-02
1.131008639931678772e-01

9.283461421728134155e-02
5.314294621348381042e-02

5.886856094002723694e-02
4.081967473030090332e-02

5.508509278297424316e-02
6.357363611459732056e-02

3.195563331246376038e-02
4.319420456886291504e-02

5.059414356946945190e-02
7.805018872022628784e-02

6.322471052408218384e-02
9.700784832239151001e-02

4.683193191885948181e-02
5.664350837469100952e-02

3.954492881894111633e-02
1.010122820734977722e-01

5.297030881047248840e-02
5.546149984002113342e-02

4.094593971967697144e-02
8.688481152057647705e-02

6.447236984968185425e-02
7.049307227134704590e-02

4.166366159915924072e-02
7.339920103549957275e-02

7.654679566621780396e-02
7.164999097585678101e-02

7.408497482538223267e-02
6.940806657075881958e-02

7.416164875030517578e-02
7.781208306550979614e-02

5.911292880773544312e-02
6.975915282964706421e-02

7.661017030477523804e-02
5.998099222779273987e-02

8.817000687122344971e-02
6.137936562299728394e-02

1.405428349971771240e-01
8.079083263874053955e-02

1.003037095069885254e-01
7.295899838209152222e-02

3.244692087173461914e-02
2.192931773670192541e-11

3.391796723008155823e-02
7.784219831228256226e-02

8.255762606859207153e-02
1.198983192443847656e-01

2.336521632969379425e-02
1.126651093363761902e-01

