1.898193359375000000e-01
1.870117187500000000e-01
1.898193359375000000e-01

9.243164062500000000e-01
5.560302734375000000e-02
9.243164062500000000e-01

8.715820312500000000e-02
1.755371093750000000e-01
1.755371093750000000e-01

4.892578125000000000e-01
3.266601562500000000e-01
4.892578125000000000e-01

8.227539062500000000e-01
1.333007812500000000e-01
8.227539062500000000e-01

9.257812500000000000e-01
1.951599121093750000e-02
9.257812500000000000e-01

6.464843750000000000e-01
2.617187500000000000e-01
6.464843750000000000e-01

7.407226562500000000e-01
1.113281250000000000e-01
7.407226562500000000e-01

9.604492187500000000e-01
4.829406738281250000e-03
9.604492187500000000e-01

3.207397460937500000e-02
3.950195312500000000e-01
3.950195312500000000e-01

7.124023437500000000e-01
7.440185546875000000e-02
7.124023437500000000e-01

9.985351562500000000e-01
5.617141723632812500e-04
9.985351562500000000e-01

8.271484375000000000e-01
7.086181640625000000e-02
8.271484375000000000e-01

8.281250000000000000e-01
1.370849609375000000e-01
8.281250000000000000e-01

8.608398437500000000e-01
4.324340820312500000e-02
8.608398437500000000e-01

1.445312500000000000e-01
5.654296875000000000e-01
5.654296875000000000e-01

4.855346679687500000e-02
2.707519531250000000e-01
2.707519531250000000e-01

1.036987304687500000e-01
4.025878906250000000e-01
4.025878906250000000e-01

5.751953125000000000e-01
1.740722656250000000e-01
5.751953125000000000e-01

3.903808593750000000e-01
5.253906250000000000e-01
5.253906250000000000e-01

9.028320312500000000e-01
4.330444335937500000e-02
9.028320312500000000e-01

9.970703125000000000e-01
9.899139404296875000e-04
9.970703125000000000e-01

4.169921875000000000e-01
1.398925781250000000e-01
4.169921875000000000e-01

3.298950195312500000e-02
5.507812500000000000e-01
5.507812500000000000e-01

1.815185546875000000e-01
1.353759765625000000e-01
2.573242187500000000e-01

6.992187500000000000e-01
7.641601562500000000e-02
6.992187500000000000e-01

8.403320312500000000e-01
3.439331054687500000e-02
8.403320312500000000e-01

9.057617187500000000e-01
3.494262695312500000e-02
9.057617187500000000e-01

3.356933593750000000e-01
4.570312500000000000e-01
4.570312500000000000e-01

8.613281250000000000e-01
1.216430664062500000e-01
8.613281250000000000e-01

8.330078125000000000e-01
1.140747070312500000e-01
8.330078125000000000e-01

7.647705078125000000e-02
6.113281250000000000e-01
6.113281250000000000e-01

9.760742187500000000e-01
1.522827148437500000e-02
9.760742187500000000e-01

7.548828125000000000e-01
2.180175781250000000e-01
7.548828125000000000e-01

5.444335937500000000e-01
3.049316406250000000e-01
5.444335937500000000e-01

8.652343750000000000e-01
4.400634765625000000e-02
8.652343750000000000e-01

8.247070312500000000e-01
1.375732421875000000e-01
8.247070312500000000e-01

9.995117187500000000e-01
1.115798950195312500e-04
9.995117187500000000e-01

8.134765625000000000e-01
1.156005859375000000e-01
8.134765625000000000e-01

5.629882812500000000e-01
2.578125000000000000e-01
5.629882812500000000e-01

9.169921875000000000e-01
1.138305664062500000e-02
9.169921875000000000e-01

1.000000000000000000e+00
1.114606857299804688e-05
1.000000000000000000e+00

9.545898437500000000e-01
1.866149902343750000e-02
9.545898437500000000e-01

9.750976562500000000e-01
9.658813476562500000e-03
9.750976562500000000e-01

8.557128906250000000e-02
7.592773437500000000e-01
7.592773437500000000e-01

1.000000000000000000e+00
1.680850982666015625e-05
1.000000000000000000e+00

7.446289062500000000e-01
4.061889648437500000e-02
7.446289062500000000e-01

9.707031250000000000e-01
1.733398437500000000e-02
9.707031250000000000e-01

8.911132812500000000e-01
5.087280273437500000e-02
8.911132812500000000e-01

8.549804687500000000e-01
8.001708984375000000e-02
8.549804687500000000e-01

6.552734375000000000e-01
9.637451171875000000e-02
6.552734375000000000e-01

7.910156250000000000e-01
8.984375000000000000e-02
7.910156250000000000e-01

1.292724609375000000e-01
8.378906250000000000e-01
8.378906250000000000e-01

6.347656250000000000e-02
6.757812500000000000e-01
6.757812500000000000e-01

8.452148437500000000e-01
1.005249023437500000e-01
8.452148437500000000e-01

9.477539062500000000e-01
3.683471679687500000e-02
9.477539062500000000e-01

9.951171875000000000e-01
2.044677734375000000e-03
9.951171875000000000e-01

7.568359375000000000e-02
7.705078125000000000e-01
7.705078125000000000e-01

8.417968750000000000e-01
8.190917968750000000e-02
8.417968750000000000e-01

9.350585937500000000e-01
3.059387207031250000e-02
9.350585937500000000e-01

9.995117187500000000e-01
2.465248107910156250e-04
9.995117187500000000e-01

6.894531250000000000e-01
2.255859375000000000e-01
6.894531250000000000e-01

2.717590332031250000e-02
9.160156250000000000e-01
9.160156250000000000e-01

9.282226562500000000e-01
2.554321289062500000e-02
9.282226562500000000e-01

4.609375000000000000e-01
5.205078125000000000e-01
5.205078125000000000e-01

8.129882812500000000e-01
8.386230468750000000e-02
8.129882812500000000e-01

9.340820312500000000e-01
3.128051757812500000e-02
9.340820312500000000e-01

5.395507812500000000e-01
1.536865234375000000e-01
5.395507812500000000e-01

1.682128906250000000e-01
2.800292968750000000e-01
2.800292968750000000e-01

3.298339843750000000e-01
1.922607421875000000e-01
3.298339843750000000e-01

3.823852539062500000e-02
2.164306640625000000e-01
2.164306640625000000e-01

3.342285156250000000e-01
1.184082031250000000e-01
3.342285156250000000e-01

1.740722656250000000e-01
9.967041015625000000e-02
2.467041015625000000e-01

9.833984375000000000e-01
4.524230957031250000e-03
9.833984375000000000e-01

9.755859375000000000e-01
1.081848144531250000e-02
9.755859375000000000e-01

4.006347656250000000e-01
4.538574218750000000e-01
4.538574218750000000e-01

7.084960937500000000e-01
1.746826171875000000e-01
7.084960937500000000e-01

7.182617187500000000e-01
7.849121093750000000e-02
7.182617187500000000e-01

1.307373046875000000e-01
1.001586914062500000e-01
1.307373046875000000e-01

2.183837890625000000e-01
2.183837890625000000e-01
2.183837890625000000e-01

9.672851562500000000e-01
1.651000976562500000e-02
9.672851562500000000e-01

9.990234375000000000e-01
5.416870117187500000e-04
9.990234375000000000e-01

9.985351562500000000e-01
2.270936965942382812e-04
9.985351562500000000e-01

9.995117187500000000e-01
2.663135528564453125e-04
9.995117187500000000e-01

9.716796875000000000e-01
2.767944335937500000e-02
9.716796875000000000e-01

6.777343750000000000e-01
3.190917968750000000e-01
6.777343750000000000e-01

9.926757812500000000e-01
1.548767089843750000e-03
9.926757812500000000e-01

9.912109375000000000e-01
5.985260009765625000e-03
9.912109375000000000e-01

9.990234375000000000e-01
5.369186401367187500e-04
9.990234375000000000e-01

9.985351562500000000e-01
7.381439208984375000e-04
9.985351562500000000e-01

9.980468750000000000e-01
1.173019409179687500e-03
9.980468750000000000e-01

9.970703125000000000e-01
1.207351684570312500e-03
9.970703125000000000e-01

1.000000000000000000e+00
7.855892181396484375e-05
1.000000000000000000e+00

9.897460937500000000e-01
2.826690673828125000e-03
9.897460937500000000e-01

9.951171875000000000e-01
3.404617309570312500e-03
9.951171875000000000e-01

1.000000000000000000e+00
6.645917892456054688e-05
1.000000000000000000e+00

9.877929687500000000e-01
8.255004882812500000e-03
9.877929687500000000e-01

7.485351562500000000e-01
1.037597656250000000e-01
7.485351562500000000e-01

7.807617187500000000e-01
1.857910156250000000e-01
7.807617187500000000e-01

1.000000000000000000e+00
3.606081008911132812e-05
1.000000000000000000e+00

9.648437500000000000e-01
1.940917968750000000e-02
9.648437500000000000e-01

9.912109375000000000e-01
4.405975341796875000e-03
9.912109375000000000e-01

9.985351562500000000e-01
3.979206085205078125e-04
9.985351562500000000e-01

9.995117187500000000e-01
1.819133758544921875e-04
9.995117187500000000e-01

9.990234375000000000e-01
2.698898315429687500e-04
9.990234375000000000e-01

9.990234375000000000e-01
4.670619964599609375e-04
9.990234375000000000e-01

9.965820312500000000e-01
1.635551452636718750e-03
9.965820312500000000e-01

9.960937500000000000e-01
3.620147705078125000e-03
9.960937500000000000e-01

9.628906250000000000e-01
2.752685546875000000e-02
9.628906250000000000e-01

9.853515625000000000e-01
4.165649414062500000e-03
9.853515625000000000e-01

9.951171875000000000e-01
2.822875976562500000e-03
9.951171875000000000e-01

9.995117187500000000e-01
3.783702850341796875e-04
9.995117187500000000e-01

9.995117187500000000e-01
2.124309539794921875e-04
9.995117187500000000e-01

9.985351562500000000e-01
5.640983581542968750e-04
9.985351562500000000e-01

9.995117187500000000e-01
1.491308212280273438e-04
9.995117187500000000e-01

4.067382812500000000e-01
5.893554687500000000e-01
5.893554687500000000e-01

9.384765625000000000e-01
3.759765625000000000e-02
9.384765625000000000e-01

9.863281250000000000e-01
2.347946166992187500e-03
9.863281250000000000e-01

9.995117187500000000e-01
5.273818969726562500e-04
9.995117187500000000e-01

9.853515625000000000e-01
9.399414062500000000e-03
9.853515625000000000e-01

9.975585937500000000e-01
1.940727233886718750e-03
9.975585937500000000e-01

9.990234375000000000e-01
3.910064697265625000e-04
9.990234375000000000e-01

9.995117187500000000e-01
1.875162124633789062e-04
9.995117187500000000e-01

9.687500000000000000e-01
1.795959472656250000e-02
9.687500000000000000e-01

9.995117187500000000e-01
2.129077911376953125e-04
9.995117187500000000e-01

9.882812500000000000e-01
7.575988769531250000e-03
9.882812500000000000e-01

7.949218750000000000e-01
1.844482421875000000e-01
7.949218750000000000e-01

5.966796875000000000e-01
1.337890625000000000e-01
5.966796875000000000e-01

9.877929687500000000e-01
2.624511718750000000e-03
9.877929687500000000e-01

1.328125000000000000e-01
1.702880859375000000e-01
1.702880859375000000e-01

5.815429687500000000e-01
1.735839843750000000e-01
5.815429687500000000e-01

7.089843750000000000e-01
5.520629882812500000e-02
7.089843750000000000e-01

4.611206054687500000e-02
1.042480468750000000e-01
1.042480468750000000e-01

1.478271484375000000e-01
8.581542968750000000e-02
1.478271484375000000e-01

7.427978515625000000e-02
1.195068359375000000e-01
1.195068359375000000e-01

1.778564453125000000e-01
6.939697265625000000e-02
1.778564453125000000e-01

6.768798828125000000e-02
1.677246093750000000e-01
1.677246093750000000e-01

3.869628906250000000e-02
4.086914062500000000e-01
4.086914062500000000e-01

9.527587890625000000e-02
2.062988281250000000e-01
2.062988281250000000e-01

2.047729492187500000e-02
1.345214843750000000e-01
1.345214843750000000e-01

1.027832031250000000e-01
9.851074218750000000e-02
1.027832031250000000e-01

1.146240234375000000e-01
1.204223632812500000e-01
1.204223632812500000e-01

7.501220703125000000e-02
1.402587890625000000e-01
1.402587890625000000e-01

1.394653320312500000e-02
1.713867187500000000e-01
1.713867187500000000e-01

1.022949218750000000e-01
9.814453125000000000e-02
1.140136718750000000e-01

5.236816406250000000e-02
1.679687500000000000e-01
1.679687500000000000e-01

1.821899414062500000e-02
1.265869140625000000e-01
1.265869140625000000e-01

5.419921875000000000e-02
1.087036132812500000e-01
1.087036132812500000e-01

2.813720703125000000e-02
1.356201171875000000e-01
1.356201171875000000e-01

5.932617187500000000e-02
1.260986328125000000e-01
1.260986328125000000e-01

3.759765625000000000e-01
1.920166015625000000e-01
3.759765625000000000e-01

3.300781250000000000e-01
1.387939453125000000e-01
3.300781250000000000e-01

5.096435546875000000e-02
2.059326171875000000e-01
2.059326171875000000e-01

3.808593750000000000e-02
1.099243164062500000e-01
1.099243164062500000e-01

8.410644531250000000e-02
1.737060546875000000e-01
1.737060546875000000e-01

5.642700195312500000e-02
1.079101562500000000e-01
1.079101562500000000e-01

2.156066894531250000e-02
2.709960937500000000e-01
2.709960937500000000e-01

6.317138671875000000e-02
2.639160156250000000e-01
2.639160156250000000e-01

1.983642578125000000e-01
1.665039062500000000e-01
1.983642578125000000e-01

5.340576171875000000e-02
1.164550781250000000e-01
1.352539062500000000e-01

1.156005859375000000e-01
1.590576171875000000e-01
1.590576171875000000e-01

4.394531250000000000e-02
1.153564453125000000e-01
1.153564453125000000e-01

5.523681640625000000e-02
1.508789062500000000e-01
1.508789062500000000e-01

6.155395507812500000e-02
2.746582031250000000e-01
2.746582031250000000e-01

5.331420898437500000e-02
1.942138671875000000e-01
1.942138671875000000e-01

4.204101562500000000e-01
2.413330078125000000e-01
4.204101562500000000e-01

5.474853515625000000e-02
1.160888671875000000e-01
3.012695312500000000e-01

2.939453125000000000e-01
1.057128906250000000e-01
2.939453125000000000e-01

8.233642578125000000e-02
9.338378906250000000e-02
1.650390625000000000e-01

1.191406250000000000e-01
1.425781250000000000e-01
1.425781250000000000e-01

9.313964843750000000e-02
1.130981445312500000e-01
1.130981445312500000e-01

4.266357421875000000e-02
1.737060546875000000e-01
1.737060546875000000e-01

5.392456054687500000e-02
9.301757812500000000e-02
1.063842773437500000e-01

1.658935546875000000e-01
1.262207031250000000e-01
2.065429687500000000e-01

3.671264648437500000e-02
1.189575195312500000e-01
1.607666015625000000e-01

5.957031250000000000e-02
9.924316406250000000e-02
1.446533203125000000e-01

8.300781250000000000e-02
5.749511718750000000e-02
2.219238281250000000e-01

7.329101562500000000e-01
4.428100585937500000e-02
7.329101562500000000e-01

9.936523437500000000e-02
1.051635742187500000e-01
1.500244140625000000e-01

1.651000976562500000e-02
4.235839843750000000e-01
4.235839843750000000e-01

3.123474121093750000e-02
2.927246093750000000e-01
2.927246093750000000e-01

1.062622070312500000e-01
1.412353515625000000e-01
1.412353515625000000e-01

1.146850585937500000e-01
1.455078125000000000e-01
1.455078125000000000e-01

4.483032226562500000e-02
1.660156250000000000e-01
1.660156250000000000e-01

8.947753906250000000e-02
1.375732421875000000e-01
1.375732421875000000e-01

2.507019042968750000e-02
1.618652343750000000e-01
1.618652343750000000e-01

8.062744140625000000e-02
2.381591796875000000e-01
2.381591796875000000e-01

1.252441406250000000e-01
1.968994140625000000e-01
1.968994140625000000e-01

3.032226562500000000e-01
2.064208984375000000e-01
3.032226562500000000e-01

8.827209472656250000e-03
4.689941406250000000e-01
4.689941406250000000e-01

2.781677246093750000e-02
2.827148437500000000e-01
2.827148437500000000e-01

5.001831054687500000e-02
1.398925781250000000e-01
1.398925781250000000e-01

7.080078125000000000e-02
1.970214843750000000e-01
1.970214843750000000e-01

8.410644531250000000e-02
8.892822265625000000e-02
1.357421875000000000e-01

6.982421875000000000e-02
8.380126953125000000e-02
8.996582031250000000e-02

7.452392578125000000e-02
9.545898437500000000e-02
9.545898437500000000e-02

6.976318359375000000e-02
8.874511718750000000e-02
8.874511718750000000e-02

6.958007812500000000e-02
2.100830078125000000e-01
2.100830078125000000e-01

7.263183593750000000e-02
2.210693359375000000e-01
2.210693359375000000e-01

3.881835937500000000e-01
9.429931640625000000e-02
3.881835937500000000e-01

1.260986328125000000e-01
1.971435546875000000e-01
1.971435546875000000e-01

1.156005859375000000e-01
1.811523437500000000e-01
1.811523437500000000e-01

7.181167602539062500e-04
2.839355468750000000e-01
2.839355468750000000e-01

1.484870910644531250e-03
1.414794921875000000e-01
1.414794921875000000e-01

7.641601562500000000e-02
2.291259765625000000e-01
2.291259765625000000e-01

4.956054687500000000e-02
1.262207031250000000e-01
1.262207031250000000e-01

8.868408203125000000e-02
3.242187500000000000e-01
3.242187500000000000e-01

4.045410156250000000e-01
2.255859375000000000e-01
4.045410156250000000e-01

8.422851562500000000e-01
8.355712890625000000e-02
8.422851562500000000e-01

8.496093750000000000e-01
7.812500000000000000e-02
8.496093750000000000e-01

4.565429687500000000e-01
5.073242187500000000e-01
5.073242187500000000e-01

7.397460937500000000e-01
7.855224609375000000e-02
7.397460937500000000e-01

6.328125000000000000e-01
3.295898437500000000e-01
6.328125000000000000e-01

8.857421875000000000e-01
8.502197265625000000e-02
8.857421875000000000e-01

7.431640625000000000e-01
2.498779296875000000e-01
7.431640625000000000e-01

8.027343750000000000e-01
1.030883789062500000e-01
8.027343750000000000e-01

5.034179687500000000e-01
3.857421875000000000e-01
5.034179687500000000e-01

7.285156250000000000e-01
7.586669921875000000e-02
7.285156250000000000e-01

9.565429687500000000e-01
1.357078552246093750e-03
9.565429687500000000e-01

9.970703125000000000e-01
9.784698486328125000e-04
9.970703125000000000e-01

9.624023437500000000e-01
3.228759765625000000e-02
9.624023437500000000e-01

9.970703125000000000e-01
8.139610290527343750e-04
9.970703125000000000e-01

7.578125000000000000e-01
4.241943359375000000e-02
7.578125000000000000e-01

9.116210937500000000e-01
6.475830078125000000e-02
9.116210937500000000e-01

5.405273437500000000e-01
2.153320312500000000e-01
5.405273437500000000e-01

9.980468750000000000e-01
7.414817810058593750e-04
9.980468750000000000e-01

3.475952148437500000e-02
9.174804687500000000e-01
9.174804687500000000e-01

9.628906250000000000e-01
1.998901367187500000e-02
9.628906250000000000e-01

9.545898437500000000e-01
2.665710449218750000e-02
9.545898437500000000e-01

6.866455078125000000e-02
8.125000000000000000e-01
8.125000000000000000e-01

9.990234375000000000e-01
5.636215209960937500e-04
9.990234375000000000e-01

7.275390625000000000e-01
1.372070312500000000e-01
7.275390625000000000e-01

9.160156250000000000e-01
4.260253906250000000e-02
9.160156250000000000e-01

1.637268066406250000e-02
5.898437500000000000e-01
5.898437500000000000e-01

9.868164062500000000e-01
5.004882812500000000e-03
9.868164062500000000e-01

9.838867187500000000e-01
3.580093383789062500e-03
9.838867187500000000e-01

5.395507812500000000e-01
2.968750000000000000e-01
5.395507812500000000e-01

9.970703125000000000e-01
1.962661743164062500e-03
9.970703125000000000e-01

9.882812500000000000e-01
7.682800292968750000e-03
9.882812500000000000e-01

9.833984375000000000e-01
1.221466064453125000e-02
9.833984375000000000e-01

2.731933593750000000e-01
4.870605468750000000e-01
4.870605468750000000e-01

7.089843750000000000e-01
1.296386718750000000e-01
7.089843750000000000e-01

8.789062500000000000e-01
2.841186523437500000e-02
8.789062500000000000e-01

7.641601562500000000e-01
6.823730468750000000e-02
7.641601562500000000e-01

4.658203125000000000e-01
4.711914062500000000e-01
4.711914062500000000e-01

3.662109375000000000e-01
5.805664062500000000e-01
5.805664062500000000e-01

7.387695312500000000e-01
2.305908203125000000e-01
7.387695312500000000e-01

9.990234375000000000e-01
2.168416976928710938e-04
9.990234375000000000e-01

9.980468750000000000e-01
1.102447509765625000e-03
9.980468750000000000e-01

9.985351562500000000e-01
5.016326904296875000e-04
9.985351562500000000e-01

9.980468750000000000e-01
2.287626266479492188e-04
9.980468750000000000e-01

1.000000000000000000e+00
1.784563064575195312e-04
1.000000000000000000e+00

9.990234375000000000e-01
2.256631851196289062e-04
9.990234375000000000e-01

1.508712768554687500e-03
7.675781250000000000e-01
7.675781250000000000e-01

9.931640625000000000e-01
3.990173339843750000e-03
9.931640625000000000e-01

9.951171875000000000e-01
4.051208496093750000e-03
9.951171875000000000e-01

9.501953125000000000e-01
2.819824218750000000e-02
9.501953125000000000e-01

9.902343750000000000e-01
5.619049072265625000e-03
9.902343750000000000e-01

9.995117187500000000e-01
2.197027206420898438e-04
9.995117187500000000e-01

7.553710937500000000e-01
2.348632812500000000e-01
7.553710937500000000e-01

9.228515625000000000e-01
7.427978515625000000e-02
9.228515625000000000e-01

9.946289062500000000e-01
2.777099609375000000e-03
9.946289062500000000e-01

9.936523437500000000e-01
3.568649291992187500e-03
9.936523437500000000e-01

8.593750000000000000e-01
1.333007812500000000e-01
8.593750000000000000e-01

9.995117187500000000e-01
1.590251922607421875e-04
9.995117187500000000e-01

9.833984375000000000e-01
9.384155273437500000e-03
9.833984375000000000e-01

9.887695312500000000e-01
7.228851318359375000e-03
9.887695312500000000e-01

9.975585937500000000e-01
1.855850219726562500e-03
9.975585937500000000e-01

9.946289062500000000e-01
2.826690673828125000e-03
9.946289062500000000e-01

9.960937500000000000e-01
1.747131347656250000e-03
9.960937500000000000e-01

5.499267578125000000e-02
6.469726562500000000e-01
6.469726562500000000e-01

9.804687500000000000e-01
1.219940185546875000e-02
9.804687500000000000e-01

9.975585937500000000e-01
7.061958312988281250e-04
9.975585937500000000e-01

9.956054687500000000e-01
1.283645629882812500e-03
9.956054687500000000e-01

9.960937500000000000e-01
1.412391662597656250e-03
9.960937500000000000e-01

9.995117187500000000e-01
1.040101051330566406e-04
9.995117187500000000e-01

1.667480468750000000e-01
3.266601562500000000e-01
3.266601562500000000e-01

1.000000000000000000e+00
1.370906829833984375e-05
1.000000000000000000e+00

9.643554687500000000e-01
1.579284667968750000e-02
9.643554687500000000e-01

4.157714843750000000e-01
5.747070312500000000e-01
5.747070312500000000e-01

5.390625000000000000e-01
1.541748046875000000e-01
5.390625000000000000e-01

9.910583496093750000e-03
2.810058593750000000e-01
2.810058593750000000e-01

2.198486328125000000e-01
3.142089843750000000e-01
3.142089843750000000e-01

4.885864257812500000e-02
3.227539062500000000e-01
3.571777343750000000e-01

6.728515625000000000e-01
1.876220703125000000e-01
6.728515625000000000e-01

3.288574218750000000e-01
6.074218750000000000e-01
6.074218750000000000e-01

3.146972656250000000e-01
4.089355468750000000e-01
4.089355468750000000e-01

4.653320312500000000e-01
1.879882812500000000e-01
4.653320312500000000e-01

5.126953125000000000e-01
4.594726562500000000e-01
5.126953125000000000e-01

9.995117187500000000e-01
2.268552780151367188e-04
9.995117187500000000e-01

9.892578125000000000e-01
5.332946777343750000e-03
9.892578125000000000e-01

1.000000000000000000e+00
1.226663589477539062e-04
1.000000000000000000e+00

8.037109375000000000e-01
1.124267578125000000e-01
8.037109375000000000e-01

9.775390625000000000e-01
1.139831542968750000e-02
9.775390625000000000e-01

9.418945312500000000e-01
5.679321289062500000e-02
9.418945312500000000e-01

3.225326538085937500e-03
9.716796875000000000e-01
9.716796875000000000e-01

8.378906250000000000e-01
1.395263671875000000e-01
8.378906250000000000e-01

2.983398437500000000e-01
6.967773437500000000e-01
6.967773437500000000e-01

6.430664062500000000e-01
3.208007812500000000e-01
6.430664062500000000e-01

9.980468750000000000e-01
1.344680786132812500e-03
9.980468750000000000e-01

9.375000000000000000e-01
5.395507812500000000e-02
9.375000000000000000e-01

3.023147583007812500e-03
9.741210937500000000e-01
9.741210937500000000e-01

9.907226562500000000e-01
2.075195312500000000e-03
9.907226562500000000e-01

9.897460937500000000e-01
9.407043457031250000e-03
9.897460937500000000e-01

1.000000000000000000e+00
7.539987564086914062e-05
1.000000000000000000e+00

9.897460937500000000e-01
8.628845214843750000e-03
9.897460937500000000e-01

9.990234375000000000e-01
9.489059448242187500e-04
9.990234375000000000e-01

9.975585937500000000e-01
6.389617919921875000e-04
9.975585937500000000e-01

9.594726562500000000e-01
1.937866210937500000e-02
9.594726562500000000e-01

9.970703125000000000e-01
2.504348754882812500e-03
9.970703125000000000e-01

8.906250000000000000e-01
4.199218750000000000e-02
8.906250000000000000e-01

9.755859375000000000e-01
1.419067382812500000e-02
9.755859375000000000e-01

9.985351562500000000e-01
4.525184631347656250e-04
9.985351562500000000e-01

7.724609375000000000e-01
2.230224609375000000e-01
7.724609375000000000e-01

9.990234375000000000e-01
4.277229309082031250e-04
9.990234375000000000e-01

8.935546875000000000e-02
6.411132812500000000e-01
6.411132812500000000e-01

9.545898437500000000e-01
1.074981689453125000e-02
9.545898437500000000e-01

9.990234375000000000e-01
3.404617309570312500e-04
9.990234375000000000e-01

9.995117187500000000e-01
1.465082168579101562e-04
9.995117187500000000e-01

9.550781250000000000e-01
1.818847656250000000e-02
9.550781250000000000e-01

9.965820312500000000e-01
2.761840820312500000e-03
9.965820312500000000e-01

9.960937500000000000e-02
2.297363281250000000e-01
2.297363281250000000e-01

3.217773437500000000e-01
2.122802734375000000e-01
3.217773437500000000e-01

8.867187500000000000e-01
9.124755859375000000e-02
8.867187500000000000e-01

9.741210937500000000e-01
9.536743164062500000e-03
9.741210937500000000e-01

3.786621093750000000e-01
1.429443359375000000e-01
3.786621093750000000e-01

7.719726562500000000e-01
1.334228515625000000e-01
7.719726562500000000e-01

4.470214843750000000e-01
7.794189453125000000e-02
4.470214843750000000e-01

4.787597656250000000e-01
1.856689453125000000e-01
4.787597656250000000e-01

3.464355468750000000e-01
2.849121093750000000e-01
3.464355468750000000e-01

5.242919921875000000e-02
2.271728515625000000e-01
2.271728515625000000e-01

7.563476562500000000e-01
8.624267578125000000e-02
7.563476562500000000e-01

7.421875000000000000e-01
7.897949218750000000e-02
7.421875000000000000e-01

1.608276367187500000e-02
4.670410156250000000e-01
4.670410156250000000e-01

1.014404296875000000e-01
8.613281250000000000e-01
8.613281250000000000e-01

7.973632812500000000e-01
7.360839843750000000e-02
7.973632812500000000e-01

6.894531250000000000e-01
7.153320312500000000e-02
6.894531250000000000e-01

9.414062500000000000e-01
2.793884277343750000e-02
9.414062500000000000e-01

6.113281250000000000e-01
8.038330078125000000e-02
6.113281250000000000e-01

1.528320312500000000e-01
7.236328125000000000e-01
7.236328125000000000e-01

3.608398437500000000e-01
1.456298828125000000e-01
3.608398437500000000e-01

5.419921875000000000e-01
1.707763671875000000e-01
5.419921875000000000e-01

6.051635742187500000e-02
2.064208984375000000e-01
2.064208984375000000e-01

7.397460937500000000e-01
3.976440429687500000e-02
7.397460937500000000e-01

9.975585937500000000e-01
9.531974792480468750e-04
9.975585937500000000e-01

8.953857421875000000e-02
4.631347656250000000e-01
4.631347656250000000e-01

9.765625000000000000e-02
3.945312500000000000e-01
3.945312500000000000e-01

9.404296875000000000e-01
2.575683593750000000e-02
9.404296875000000000e-01

1.158447265625000000e-01
3.310546875000000000e-01
3.310546875000000000e-01

9.633789062500000000e-01
1.664733886718750000e-02
9.633789062500000000e-01

8.989257812500000000e-01
2.630615234375000000e-02
8.989257812500000000e-01

4.477539062500000000e-01
1.788330078125000000e-01
4.477539062500000000e-01

9.775390625000000000e-01
2.084350585937500000e-02
9.775390625000000000e-01

4.672241210937500000e-02
3.559570312500000000e-01
3.559570312500000000e-01

9.956054687500000000e-01
2.153396606445312500e-03
9.956054687500000000e-01

9.497070312500000000e-01
2.731323242187500000e-02
9.497070312500000000e-01

4.396972656250000000e-01
3.491210937500000000e-01
4.396972656250000000e-01

9.570312500000000000e-01
8.544921875000000000e-03
9.570312500000000000e-01

9.389648437500000000e-01
1.528167724609375000e-02
9.389648437500000000e-01

9.375000000000000000e-01
3.656005859375000000e-02
9.375000000000000000e-01

9.863281250000000000e-01
5.477905273437500000e-03
9.863281250000000000e-01

2.145996093750000000e-01
2.459716796875000000e-01
2.459716796875000000e-01

1.845703125000000000e-01
2.166748046875000000e-01
2.166748046875000000e-01

8.662109375000000000e-01
7.781982421875000000e-02
8.662109375000000000e-01

2.581787109375000000e-02
5.117187500000000000e-01
5.117187500000000000e-01

9.780273437500000000e-01
9.872436523437500000e-03
9.780273437500000000e-01

2.932128906250000000e-01
1.781005859375000000e-01
2.932128906250000000e-01

5.771484375000000000e-01
1.618652343750000000e-01
5.771484375000000000e-01

8.916015625000000000e-01
4.980468750000000000e-02
8.916015625000000000e-01

8.159179687500000000e-01
8.044433593750000000e-02
8.159179687500000000e-01

9.213867187500000000e-01
3.796386718750000000e-02
9.213867187500000000e-01

9.511718750000000000e-01
2.175903320312500000e-02
9.511718750000000000e-01

7.534179687500000000e-01
1.387939453125000000e-01
7.534179687500000000e-01

3.729248046875000000e-02
2.861328125000000000e-01
2.861328125000000000e-01

9.541015625000000000e-01
2.214050292968750000e-02
9.541015625000000000e-01

9.467773437500000000e-01
1.107025146484375000e-02
9.467773437500000000e-01

3.393554687500000000e-01
6.337890625000000000e-01
6.337890625000000000e-01

9.985351562500000000e-01
5.722045898437500000e-04
9.985351562500000000e-01

9.936523437500000000e-01
1.823425292968750000e-03
9.936523437500000000e-01

9.985351562500000000e-01
5.211830139160156250e-04
9.985351562500000000e-01

9.951171875000000000e-01
1.497268676757812500e-03
9.951171875000000000e-01

9.995117187500000000e-01
2.143383026123046875e-04
9.995117187500000000e-01

9.858398437500000000e-01
5.714416503906250000e-03
9.858398437500000000e-01

9.887695312500000000e-01
3.007888793945312500e-03
9.887695312500000000e-01

9.868164062500000000e-01
1.885414123535156250e-03
9.868164062500000000e-01

9.750976562500000000e-01
4.177093505859375000e-03
9.750976562500000000e-01

9.790039062500000000e-01
1.454925537109375000e-02
9.790039062500000000e-01

9.956054687500000000e-01
3.047943115234375000e-03
9.956054687500000000e-01

9.902343750000000000e-01
4.814147949218750000e-03
9.902343750000000000e-01

9.458007812500000000e-01
2.682495117187500000e-02
9.458007812500000000e-01

7.368164062500000000e-01
9.423828125000000000e-02
7.368164062500000000e-01

9.985351562500000000e-01
4.787445068359375000e-04
9.985351562500000000e-01

9.873046875000000000e-01
9.071350097656250000e-03
9.873046875000000000e-01

9.829101562500000000e-01
8.468627929687500000e-03
9.829101562500000000e-01

9.907226562500000000e-01
8.880615234375000000e-03
9.907226562500000000e-01

9.902343750000000000e-01
4.192352294921875000e-03
9.902343750000000000e-01

9.892578125000000000e-01
6.263732910156250000e-03
9.892578125000000000e-01

9.990234375000000000e-01
5.655288696289062500e-04
9.990234375000000000e-01

9.892578125000000000e-01
4.608154296875000000e-03
9.892578125000000000e-01

9.907226562500000000e-01
4.467010498046875000e-03
9.907226562500000000e-01

9.531250000000000000e-01
3.753662109375000000e-02
9.531250000000000000e-01

9.936523437500000000e-01
3.814697265625000000e-03
9.936523437500000000e-01

9.257812500000000000e-01
6.976318359375000000e-02
9.257812500000000000e-01

9.946289062500000000e-01
1.129150390625000000e-03
9.946289062500000000e-01

9.062500000000000000e-01
9.082031250000000000e-02
9.062500000000000000e-01

9.965820312500000000e-01
2.145767211914062500e-03
9.965820312500000000e-01

9.907226562500000000e-01
4.241943359375000000e-03
9.907226562500000000e-01

9.790039062500000000e-01
1.448822021484375000e-02
9.790039062500000000e-01

9.228515625000000000e-01
5.145263671875000000e-02
9.228515625000000000e-01

9.951171875000000000e-01
2.222061157226562500e-03
9.951171875000000000e-01

5.920410156250000000e-02
3.383789062500000000e-01
3.383789062500000000e-01

1.130371093750000000e-01
3.298339843750000000e-01
3.298339843750000000e-01

3.378295898437500000e-02
3.813476562500000000e-01
3.813476562500000000e-01

6.793212890625000000e-02
3.044433593750000000e-01
3.044433593750000000e-01

6.640625000000000000e-02
2.731933593750000000e-01
2.731933593750000000e-01

1.185302734375000000e-01
1.859130859375000000e-01
1.859130859375000000e-01

1.610107421875000000e-01
2.768554687500000000e-01
2.768554687500000000e-01

4.362792968750000000e-01
3.476562500000000000e-01
4.362792968750000000e-01

5.405273437500000000e-01
1.956787109375000000e-01
5.405273437500000000e-01

9.790039062500000000e-01
7.328033447265625000e-03
9.790039062500000000e-01

9.931640625000000000e-01
2.836227416992187500e-03
9.931640625000000000e-01

9.868164062500000000e-01
9.925842285156250000e-03
9.868164062500000000e-01

9.941406250000000000e-01
1.542091369628906250e-03
9.941406250000000000e-01

1.511383056640625000e-02
7.622070312500000000e-01
7.622070312500000000e-01

7.924804687500000000e-01
3.906250000000000000e-02
7.924804687500000000e-01

9.526367187500000000e-01
1.681518554687500000e-02
9.526367187500000000e-01

9.326171875000000000e-01
5.892944335937500000e-02
9.326171875000000000e-01

1.745605468750000000e-01
7.480468750000000000e-01
7.480468750000000000e-01

9.721679687500000000e-01
9.895324707031250000e-03
9.721679687500000000e-01

5.361938476562500000e-02
7.446289062500000000e-01
7.446289062500000000e-01

9.975585937500000000e-01
1.050949096679687500e-03
9.975585937500000000e-01

9.965820312500000000e-01
1.821517944335937500e-03
9.965820312500000000e-01

9.648437500000000000e-01
1.580810546875000000e-02
9.648437500000000000e-01

9.912109375000000000e-01
3.835678100585937500e-03
9.912109375000000000e-01

9.848632812500000000e-01
5.310058593750000000e-03
9.848632812500000000e-01

7.968750000000000000e-01
6.988525390625000000e-02
7.968750000000000000e-01

9.619140625000000000e-01
2.691650390625000000e-02
9.619140625000000000e-01

9.370117187500000000e-01
3.047180175781250000e-02
9.370117187500000000e-01

9.057617187500000000e-01
6.903076171875000000e-02
9.057617187500000000e-01

4.028320312500000000e-01
4.155273437500000000e-01
4.155273437500000000e-01

9.208984375000000000e-01
5.422973632812500000e-02
9.208984375000000000e-01

8.891601562500000000e-01
5.215454101562500000e-02
8.891601562500000000e-01

5.405273437500000000e-01
3.557128906250000000e-01
5.405273437500000000e-01

8.076171875000000000e-01
1.614990234375000000e-01
8.076171875000000000e-01

9.916992187500000000e-01
4.257202148437500000e-03
9.916992187500000000e-01

9.985351562500000000e-01
6.365776062011718750e-04
9.985351562500000000e-01

9.199218750000000000e-01
5.059814453125000000e-02
9.199218750000000000e-01

9.912109375000000000e-01
3.932952880859375000e-03
9.912109375000000000e-01

9.565429687500000000e-01
1.786804199218750000e-02
9.565429687500000000e-01

4.174804687500000000e-01
1.851806640625000000e-01
4.174804687500000000e-01

7.250976562500000000e-02
3.325195312500000000e-01
3.325195312500000000e-01

8.947753906250000000e-02
2.558593750000000000e-01
2.558593750000000000e-01

4.370117187500000000e-02
2.080078125000000000e-01
2.080078125000000000e-01

8.203125000000000000e-01
8.819580078125000000e-02
8.203125000000000000e-01

8.891601562500000000e-01
3.640747070312500000e-02
8.891601562500000000e-01

9.741210937500000000e-01
1.473236083984375000e-02
9.741210937500000000e-01

9.648437500000000000e-01
1.660156250000000000e-02
9.648437500000000000e-01

9.980468750000000000e-01
5.249977111816406250e-04
9.980468750000000000e-01

9.936523437500000000e-01
3.314971923828125000e-03
9.936523437500000000e-01

9.838867187500000000e-01
3.858566284179687500e-03
9.838867187500000000e-01

9.921875000000000000e-01
1.487731933593750000e-03
9.921875000000000000e-01

8.535156250000000000e-01
4.825592041015625000e-03
8.535156250000000000e-01

9.902343750000000000e-01
3.757476806640625000e-03
9.902343750000000000e-01

8.535156250000000000e-01
1.314697265625000000e-01
8.535156250000000000e-01

8.178710937500000000e-01
9.246826171875000000e-02
8.178710937500000000e-01

9.960937500000000000e-01
1.128196716308593750e-03
9.960937500000000000e-01

9.990234375000000000e-01
3.731250762939453125e-04
9.990234375000000000e-01

9.838867187500000000e-01
7.057189941406250000e-03
9.838867187500000000e-01

2.436828613281250000e-02
9.379882812500000000e-01
9.379882812500000000e-01

8.666992187500000000e-01
4.052734375000000000e-02
8.666992187500000000e-01

7.241210937500000000e-01
2.653808593750000000e-01
7.241210937500000000e-01

9.916992187500000000e-01
1.314163208007812500e-03
9.916992187500000000e-01

9.560546875000000000e-01
1.460266113281250000e-02
9.560546875000000000e-01

9.887695312500000000e-01
2.738952636718750000e-03
9.887695312500000000e-01

8.500976562500000000e-01
9.979248046875000000e-02
8.500976562500000000e-01

8.916015625000000000e-01
1.249694824218750000e-02
8.916015625000000000e-01

8.857421875000000000e-01
3.677368164062500000e-02
8.857421875000000000e-01

9.990234375000000000e-01
2.646446228027343750e-04
9.990234375000000000e-01

3.591308593750000000e-01
5.917968750000000000e-01
5.917968750000000000e-01

9.321289062500000000e-01
3.164672851562500000e-02
9.321289062500000000e-01

9.487304687500000000e-01
2.474975585937500000e-02
9.487304687500000000e-01

9.726562500000000000e-01
1.809692382812500000e-02
9.726562500000000000e-01

9.780273437500000000e-01
1.243591308593750000e-02
9.780273437500000000e-01

9.960937500000000000e-01
1.995086669921875000e-03
9.960937500000000000e-01

9.692382812500000000e-01
1.415252685546875000e-02
9.692382812500000000e-01

9.965820312500000000e-01
1.248359680175781250e-03
9.965820312500000000e-01

3.610839843750000000e-01
3.920898437500000000e-01
3.920898437500000000e-01

9.155273437500000000e-01
1.385498046875000000e-02
9.155273437500000000e-01

2.580566406250000000e-01
1.730957031250000000e-01
2.580566406250000000e-01

2.005615234375000000e-01
1.287841796875000000e-01
2.005615234375000000e-01

1.869201660156250000e-02
2.687988281250000000e-01
2.687988281250000000e-01

1.064453125000000000e-01
4.816894531250000000e-01
4.816894531250000000e-01

5.480957031250000000e-02
8.828125000000000000e-01
8.828125000000000000e-01

1.361083984375000000e-01
2.436523437500000000e-01
2.436523437500000000e-01

7.265625000000000000e-01
1.284179687500000000e-01
7.265625000000000000e-01

9.853515625000000000e-01
5.558013916015625000e-03
9.853515625000000000e-01

9.863281250000000000e-01
4.405975341796875000e-03
9.863281250000000000e-01

5.678710937500000000e-01
2.298583984375000000e-01
5.678710937500000000e-01

9.594726562500000000e-01
1.095581054687500000e-02
9.594726562500000000e-01

9.765625000000000000e-01
1.585388183593750000e-02
9.765625000000000000e-01

6.313476562500000000e-01
3.486328125000000000e-01
6.313476562500000000e-01

9.765625000000000000e-01
6.713867187500000000e-03
9.765625000000000000e-01

6.406250000000000000e-01
3.337402343750000000e-01
6.406250000000000000e-01

9.589843750000000000e-01
2.288818359375000000e-02
9.589843750000000000e-01

9.985351562500000000e-01
6.713867187500000000e-04
9.985351562500000000e-01

9.033203125000000000e-01
5.743408203125000000e-02
9.033203125000000000e-01

9.868164062500000000e-01
7.186889648437500000e-03
9.868164062500000000e-01

9.960937500000000000e-01
1.700401306152343750e-03
9.960937500000000000e-01

9.916992187500000000e-01
1.873970031738281250e-03
9.916992187500000000e-01

9.960937500000000000e-01
1.252174377441406250e-03
9.960937500000000000e-01

9.663085937500000000e-01
3.280639648437500000e-02
9.663085937500000000e-01

9.819335937500000000e-01
9.704589843750000000e-03
9.819335937500000000e-01

8.984375000000000000e-01
7.745361328125000000e-02
8.984375000000000000e-01

9.916992187500000000e-01
2.225875854492187500e-03
9.916992187500000000e-01

9.975585937500000000e-01
8.316040039062500000e-04
9.975585937500000000e-01

9.418945312500000000e-01
2.540588378906250000e-02
9.418945312500000000e-01

9.775390625000000000e-01
8.903503417968750000e-03
9.775390625000000000e-01

9.902343750000000000e-01
5.661010742187500000e-03
9.902343750000000000e-01

9.819335937500000000e-01
1.125335693359375000e-02
9.819335937500000000e-01

9.907226562500000000e-01
6.259918212890625000e-03
9.907226562500000000e-01

9.814453125000000000e-01
1.279449462890625000e-02
9.814453125000000000e-01

9.399414062500000000e-01
2.740478515625000000e-02
9.399414062500000000e-01

9.584960937500000000e-01
2.081298828125000000e-02
9.584960937500000000e-01

9.946289062500000000e-01
2.422332763671875000e-03
9.946289062500000000e-01

7.119140625000000000e-01
2.841796875000000000e-01
7.119140625000000000e-01

7.724609375000000000e-01
1.041259765625000000e-01
7.724609375000000000e-01

1.757812500000000000e-01
2.001953125000000000e-01
2.001953125000000000e-01

7.745361328125000000e-02
2.854003906250000000e-01
2.854003906250000000e-01

1.931152343750000000e-01
2.070312500000000000e-01
2.070312500000000000e-01

3.994140625000000000e-01
1.674804687500000000e-01
3.994140625000000000e-01

4.841308593750000000e-01
1.335449218750000000e-01
4.841308593750000000e-01

3.179931640625000000e-02
3.444824218750000000e-01
3.444824218750000000e-01

3.029785156250000000e-01
3.466796875000000000e-01
3.466796875000000000e-01

5.908203125000000000e-01
1.663818359375000000e-01
5.908203125000000000e-01

2.893066406250000000e-01
2.749023437500000000e-01
2.893066406250000000e-01

2.929687500000000000e-01
4.416503906250000000e-01
4.416503906250000000e-01

9.970703125000000000e-01
6.656646728515625000e-04
9.970703125000000000e-01

9.965820312500000000e-01
1.115798950195312500e-03
9.965820312500000000e-01

9.980468750000000000e-01
4.949569702148437500e-04
9.980468750000000000e-01

9.975585937500000000e-01
1.389503479003906250e-03
9.975585937500000000e-01

9.912109375000000000e-01
3.993988037109375000e-03
9.912109375000000000e-01

9.843750000000000000e-01
4.478454589843750000e-03
9.843750000000000000e-01

1.262664794921875000e-03
9.965820312500000000e-01
9.965820312500000000e-01

3.393554687500000000e-01
4.785156250000000000e-01
4.785156250000000000e-01

8.618164062500000000e-01
7.458496093750000000e-02
8.618164062500000000e-01

9.951171875000000000e-01
3.805160522460937500e-03
9.951171875000000000e-01

9.990234375000000000e-01
4.003047943115234375e-04
9.990234375000000000e-01

9.316406250000000000e-01
3.604125976562500000e-02
9.316406250000000000e-01

9.702148437500000000e-01
1.586914062500000000e-02
9.702148437500000000e-01

8.583984375000000000e-01
8.178710937500000000e-02
8.583984375000000000e-01

9.736328125000000000e-01
1.169586181640625000e-02
9.736328125000000000e-01

9.746093750000000000e-01
1.195526123046875000e-02
9.746093750000000000e-01

9.804687500000000000e-01
1.875305175781250000e-02
9.804687500000000000e-01

9.980468750000000000e-01
8.006095886230468750e-04
9.980468750000000000e-01

9.897460937500000000e-01
7.602691650390625000e-03
9.897460937500000000e-01

9.604492187500000000e-01
1.919555664062500000e-02
9.604492187500000000e-01

9.985351562500000000e-01
2.892017364501953125e-04
9.985351562500000000e-01

4.357910156250000000e-01
4.694824218750000000e-01
4.694824218750000000e-01

9.320068359375000000e-02
4.577636718750000000e-01
4.577636718750000000e-01

9.008789062500000000e-01
3.262329101562500000e-02
9.008789062500000000e-01

9.682617187500000000e-01
9.559631347656250000e-03
9.682617187500000000e-01

6.425781250000000000e-01
2.795410156250000000e-01
6.425781250000000000e-01

9.965820312500000000e-01
1.629829406738281250e-03
9.965820312500000000e-01

9.985351562500000000e-01
7.548332214355468750e-04
9.985351562500000000e-01

9.379882812500000000e-01
3.948974609375000000e-02
9.379882812500000000e-01

6.469726562500000000e-01
2.441406250000000000e-01
6.469726562500000000e-01

9.990234375000000000e-01
3.750324249267578125e-04
9.990234375000000000e-01

6.320953369140625000e-03
6.782226562500000000e-01
6.782226562500000000e-01

2.471923828125000000e-01
1.873779296875000000e-01
2.471923828125000000e-01

6.992187500000000000e-01
1.236572265625000000e-01
6.992187500000000000e-01

9.746093750000000000e-01
1.976013183593750000e-02
9.746093750000000000e-01

8.984375000000000000e-01
6.610107421875000000e-02
8.984375000000000000e-01

4.704589843750000000e-01
3.361816406250000000e-01
4.704589843750000000e-01

8.393554687500000000e-01
3.640747070312500000e-02
8.393554687500000000e-01

3.144531250000000000e-01
1.387939453125000000e-01
3.144531250000000000e-01

7.696533203125000000e-02
2.004394531250000000e-01
2.004394531250000000e-01

1.354217529296875000e-02
1.950683593750000000e-01
1.950683593750000000e-01

5.285644531250000000e-02
2.264404296875000000e-01
2.264404296875000000e-01

6.057739257812500000e-02
2.182617187500000000e-01
2.182617187500000000e-01

8.686523437500000000e-01
1.384735107421875000e-02
8.686523437500000000e-01

1.926269531250000000e-01
3.161621093750000000e-01
3.161621093750000000e-01

9.770507812500000000e-01
6.752014160156250000e-03
9.770507812500000000e-01

9.458007812500000000e-01
1.649475097656250000e-02
9.458007812500000000e-01

9.809570312500000000e-01
7.774353027343750000e-03
9.809570312500000000e-01

1.000000000000000000e+00
1.209974288940429688e-04
1.000000000000000000e+00

2.558593750000000000e-01
4.650878906250000000e-02
5.996093750000000000e-01

9.692382812500000000e-01
1.512145996093750000e-02
9.692382812500000000e-01

9.775390625000000000e-01
1.016998291015625000e-02
9.775390625000000000e-01

9.541015625000000000e-01
2.212524414062500000e-02
9.541015625000000000e-01

9.951171875000000000e-01
7.858276367187500000e-04
9.951171875000000000e-01

9.960937500000000000e-01
2.027511596679687500e-03
9.960937500000000000e-01

9.868164062500000000e-01
8.911132812500000000e-03
9.868164062500000000e-01

9.892578125000000000e-01
6.034851074218750000e-03
9.892578125000000000e-01

4.453125000000000000e-01
1.376953125000000000e-01
4.453125000000000000e-01

9.912109375000000000e-01
2.656936645507812500e-03
9.912109375000000000e-01

7.534179687500000000e-01
4.623413085937500000e-02
7.534179687500000000e-01

4.096031188964843750e-04
9.208984375000000000e-01
9.208984375000000000e-01

9.765625000000000000e-01
7.373809814453125000e-03
9.765625000000000000e-01

9.931640625000000000e-01
2.731323242187500000e-03
9.931640625000000000e-01

9.448242187500000000e-01
3.527832031250000000e-02
9.448242187500000000e-01

9.897460937500000000e-01
5.073547363281250000e-03
9.897460937500000000e-01

9.931640625000000000e-01
2.386093139648437500e-03
9.931640625000000000e-01

9.965820312500000000e-01
1.766204833984375000e-03
9.965820312500000000e-01

3.511428833007812500e-03
9.858398437500000000e-01
9.858398437500000000e-01

8.666992187500000000e-01
6.555175781250000000e-02
8.666992187500000000e-01

9.980468750000000000e-01
5.989074707031250000e-04
9.980468750000000000e-01

9.877929687500000000e-01
1.075744628906250000e-02
9.877929687500000000e-01

7.373046875000000000e-01
2.292480468750000000e-01
7.373046875000000000e-01

9.833984375000000000e-01
8.117675781250000000e-03
9.833984375000000000e-01

9.882812500000000000e-01
5.107879638671875000e-03
9.882812500000000000e-01

9.897460937500000000e-01
2.326965332031250000e-03
9.897460937500000000e-01

8.002929687500000000e-01
1.070556640625000000e-01
8.002929687500000000e-01

9.614257812500000000e-01
2.282714843750000000e-02
9.614257812500000000e-01

5.146484375000000000e-01
3.232421875000000000e-01
5.146484375000000000e-01

5.050659179687500000e-02
2.388916015625000000e-01
2.388916015625000000e-01

9.589843750000000000e-01
2.336120605468750000e-02
9.589843750000000000e-01

2.717285156250000000e-01
1.650390625000000000e-01
2.717285156250000000e-01

